{
 "cells": [
  {
   "cell_type": "markdown",
   "id": "7cbaf3f1",
   "metadata": {},
   "source": [
    "In this exercise today, we will perform some simple data exploration using pandas in python. We will use a dataset that has information about various car models. The data is inn a CSV file, mtcars.csv."
   ]
  },
  {
   "cell_type": "code",
   "execution_count": 1,
   "id": "22992c31",
   "metadata": {},
   "outputs": [],
   "source": [
    "\n",
    "import pandas as pd\n",
    "data = pd.read_csv('mtcars.csv')"
   ]
  },
  {
   "cell_type": "markdown",
   "id": "9e9509fd",
   "metadata": {},
   "source": [
    " "
   ]
  },
  {
   "cell_type": "markdown",
   "id": "c19c6a1e",
   "metadata": {},
   "source": [
    " "
   ]
  },
  {
   "cell_type": "markdown",
   "id": "2491400f",
   "metadata": {},
   "source": [
    "Now that we have our data in a dataframe, we can take a peak into the data."
   ]
  },
  {
   "cell_type": "code",
   "execution_count": 2,
   "id": "7e7403d3",
   "metadata": {},
   "outputs": [
    {
     "data": {
      "text/html": [
       "<div>\n",
       "<style scoped>\n",
       "    .dataframe tbody tr th:only-of-type {\n",
       "        vertical-align: middle;\n",
       "    }\n",
       "\n",
       "    .dataframe tbody tr th {\n",
       "        vertical-align: top;\n",
       "    }\n",
       "\n",
       "    .dataframe thead th {\n",
       "        text-align: right;\n",
       "    }\n",
       "</style>\n",
       "<table border=\"1\" class=\"dataframe\">\n",
       "  <thead>\n",
       "    <tr style=\"text-align: right;\">\n",
       "      <th></th>\n",
       "      <th>model</th>\n",
       "      <th>mpg</th>\n",
       "      <th>cyl</th>\n",
       "      <th>disp</th>\n",
       "      <th>hp</th>\n",
       "      <th>drat</th>\n",
       "      <th>wt</th>\n",
       "      <th>qsec</th>\n",
       "      <th>vs</th>\n",
       "      <th>am</th>\n",
       "      <th>gear</th>\n",
       "      <th>carb</th>\n",
       "    </tr>\n",
       "  </thead>\n",
       "  <tbody>\n",
       "    <tr>\n",
       "      <th>0</th>\n",
       "      <td>Mazda RX4</td>\n",
       "      <td>21.0</td>\n",
       "      <td>6</td>\n",
       "      <td>160.0</td>\n",
       "      <td>110</td>\n",
       "      <td>3.90</td>\n",
       "      <td>2.620</td>\n",
       "      <td>16.46</td>\n",
       "      <td>0</td>\n",
       "      <td>1</td>\n",
       "      <td>4</td>\n",
       "      <td>4</td>\n",
       "    </tr>\n",
       "    <tr>\n",
       "      <th>1</th>\n",
       "      <td>Mazda RX4 Wag</td>\n",
       "      <td>21.0</td>\n",
       "      <td>6</td>\n",
       "      <td>160.0</td>\n",
       "      <td>110</td>\n",
       "      <td>3.90</td>\n",
       "      <td>2.875</td>\n",
       "      <td>17.02</td>\n",
       "      <td>0</td>\n",
       "      <td>1</td>\n",
       "      <td>4</td>\n",
       "      <td>4</td>\n",
       "    </tr>\n",
       "    <tr>\n",
       "      <th>2</th>\n",
       "      <td>Datsun 710</td>\n",
       "      <td>22.8</td>\n",
       "      <td>4</td>\n",
       "      <td>108.0</td>\n",
       "      <td>93</td>\n",
       "      <td>3.85</td>\n",
       "      <td>2.320</td>\n",
       "      <td>18.61</td>\n",
       "      <td>1</td>\n",
       "      <td>1</td>\n",
       "      <td>4</td>\n",
       "      <td>1</td>\n",
       "    </tr>\n",
       "    <tr>\n",
       "      <th>3</th>\n",
       "      <td>Hornet 4 Drive</td>\n",
       "      <td>21.4</td>\n",
       "      <td>6</td>\n",
       "      <td>258.0</td>\n",
       "      <td>110</td>\n",
       "      <td>3.08</td>\n",
       "      <td>3.215</td>\n",
       "      <td>19.44</td>\n",
       "      <td>1</td>\n",
       "      <td>0</td>\n",
       "      <td>3</td>\n",
       "      <td>1</td>\n",
       "    </tr>\n",
       "    <tr>\n",
       "      <th>4</th>\n",
       "      <td>Hornet Sportabout</td>\n",
       "      <td>18.7</td>\n",
       "      <td>8</td>\n",
       "      <td>360.0</td>\n",
       "      <td>175</td>\n",
       "      <td>3.15</td>\n",
       "      <td>3.440</td>\n",
       "      <td>17.02</td>\n",
       "      <td>0</td>\n",
       "      <td>0</td>\n",
       "      <td>3</td>\n",
       "      <td>2</td>\n",
       "    </tr>\n",
       "  </tbody>\n",
       "</table>\n",
       "</div>"
      ],
      "text/plain": [
       "               model   mpg  cyl   disp   hp  drat     wt   qsec  vs  am  gear  \\\n",
       "0          Mazda RX4  21.0    6  160.0  110  3.90  2.620  16.46   0   1     4   \n",
       "1      Mazda RX4 Wag  21.0    6  160.0  110  3.90  2.875  17.02   0   1     4   \n",
       "2         Datsun 710  22.8    4  108.0   93  3.85  2.320  18.61   1   1     4   \n",
       "3     Hornet 4 Drive  21.4    6  258.0  110  3.08  3.215  19.44   1   0     3   \n",
       "4  Hornet Sportabout  18.7    8  360.0  175  3.15  3.440  17.02   0   0     3   \n",
       "\n",
       "   carb  \n",
       "0     4  \n",
       "1     4  \n",
       "2     1  \n",
       "3     1  \n",
       "4     2  "
      ]
     },
     "execution_count": 2,
     "metadata": {},
     "output_type": "execute_result"
    }
   ],
   "source": [
    "\n",
    "data.head()"
   ]
  },
  {
   "cell_type": "markdown",
   "id": "ecce426e",
   "metadata": {},
   "source": [
    "We can also quickly get some statistics on the data by usine the describe function."
   ]
  },
  {
   "cell_type": "code",
   "execution_count": 3,
   "id": "b3b542c3",
   "metadata": {},
   "outputs": [
    {
     "data": {
      "text/html": [
       "<div>\n",
       "<style scoped>\n",
       "    .dataframe tbody tr th:only-of-type {\n",
       "        vertical-align: middle;\n",
       "    }\n",
       "\n",
       "    .dataframe tbody tr th {\n",
       "        vertical-align: top;\n",
       "    }\n",
       "\n",
       "    .dataframe thead th {\n",
       "        text-align: right;\n",
       "    }\n",
       "</style>\n",
       "<table border=\"1\" class=\"dataframe\">\n",
       "  <thead>\n",
       "    <tr style=\"text-align: right;\">\n",
       "      <th></th>\n",
       "      <th>mpg</th>\n",
       "      <th>cyl</th>\n",
       "      <th>disp</th>\n",
       "      <th>hp</th>\n",
       "      <th>drat</th>\n",
       "      <th>wt</th>\n",
       "      <th>qsec</th>\n",
       "      <th>vs</th>\n",
       "      <th>am</th>\n",
       "      <th>gear</th>\n",
       "      <th>carb</th>\n",
       "    </tr>\n",
       "  </thead>\n",
       "  <tbody>\n",
       "    <tr>\n",
       "      <th>count</th>\n",
       "      <td>32.000000</td>\n",
       "      <td>32.000000</td>\n",
       "      <td>32.000000</td>\n",
       "      <td>32.000000</td>\n",
       "      <td>32.000000</td>\n",
       "      <td>32.000000</td>\n",
       "      <td>32.000000</td>\n",
       "      <td>32.000000</td>\n",
       "      <td>32.000000</td>\n",
       "      <td>32.000000</td>\n",
       "      <td>32.0000</td>\n",
       "    </tr>\n",
       "    <tr>\n",
       "      <th>mean</th>\n",
       "      <td>20.090625</td>\n",
       "      <td>6.187500</td>\n",
       "      <td>230.721875</td>\n",
       "      <td>146.687500</td>\n",
       "      <td>3.596563</td>\n",
       "      <td>3.217250</td>\n",
       "      <td>17.848750</td>\n",
       "      <td>0.437500</td>\n",
       "      <td>0.406250</td>\n",
       "      <td>3.687500</td>\n",
       "      <td>2.8125</td>\n",
       "    </tr>\n",
       "    <tr>\n",
       "      <th>std</th>\n",
       "      <td>6.026948</td>\n",
       "      <td>1.785922</td>\n",
       "      <td>123.938694</td>\n",
       "      <td>68.562868</td>\n",
       "      <td>0.534679</td>\n",
       "      <td>0.978457</td>\n",
       "      <td>1.786943</td>\n",
       "      <td>0.504016</td>\n",
       "      <td>0.498991</td>\n",
       "      <td>0.737804</td>\n",
       "      <td>1.6152</td>\n",
       "    </tr>\n",
       "    <tr>\n",
       "      <th>min</th>\n",
       "      <td>10.400000</td>\n",
       "      <td>4.000000</td>\n",
       "      <td>71.100000</td>\n",
       "      <td>52.000000</td>\n",
       "      <td>2.760000</td>\n",
       "      <td>1.513000</td>\n",
       "      <td>14.500000</td>\n",
       "      <td>0.000000</td>\n",
       "      <td>0.000000</td>\n",
       "      <td>3.000000</td>\n",
       "      <td>1.0000</td>\n",
       "    </tr>\n",
       "    <tr>\n",
       "      <th>25%</th>\n",
       "      <td>15.425000</td>\n",
       "      <td>4.000000</td>\n",
       "      <td>120.825000</td>\n",
       "      <td>96.500000</td>\n",
       "      <td>3.080000</td>\n",
       "      <td>2.581250</td>\n",
       "      <td>16.892500</td>\n",
       "      <td>0.000000</td>\n",
       "      <td>0.000000</td>\n",
       "      <td>3.000000</td>\n",
       "      <td>2.0000</td>\n",
       "    </tr>\n",
       "    <tr>\n",
       "      <th>50%</th>\n",
       "      <td>19.200000</td>\n",
       "      <td>6.000000</td>\n",
       "      <td>196.300000</td>\n",
       "      <td>123.000000</td>\n",
       "      <td>3.695000</td>\n",
       "      <td>3.325000</td>\n",
       "      <td>17.710000</td>\n",
       "      <td>0.000000</td>\n",
       "      <td>0.000000</td>\n",
       "      <td>4.000000</td>\n",
       "      <td>2.0000</td>\n",
       "    </tr>\n",
       "    <tr>\n",
       "      <th>75%</th>\n",
       "      <td>22.800000</td>\n",
       "      <td>8.000000</td>\n",
       "      <td>326.000000</td>\n",
       "      <td>180.000000</td>\n",
       "      <td>3.920000</td>\n",
       "      <td>3.610000</td>\n",
       "      <td>18.900000</td>\n",
       "      <td>1.000000</td>\n",
       "      <td>1.000000</td>\n",
       "      <td>4.000000</td>\n",
       "      <td>4.0000</td>\n",
       "    </tr>\n",
       "    <tr>\n",
       "      <th>max</th>\n",
       "      <td>33.900000</td>\n",
       "      <td>8.000000</td>\n",
       "      <td>472.000000</td>\n",
       "      <td>335.000000</td>\n",
       "      <td>4.930000</td>\n",
       "      <td>5.424000</td>\n",
       "      <td>22.900000</td>\n",
       "      <td>1.000000</td>\n",
       "      <td>1.000000</td>\n",
       "      <td>5.000000</td>\n",
       "      <td>8.0000</td>\n",
       "    </tr>\n",
       "  </tbody>\n",
       "</table>\n",
       "</div>"
      ],
      "text/plain": [
       "             mpg        cyl        disp          hp       drat         wt  \\\n",
       "count  32.000000  32.000000   32.000000   32.000000  32.000000  32.000000   \n",
       "mean   20.090625   6.187500  230.721875  146.687500   3.596563   3.217250   \n",
       "std     6.026948   1.785922  123.938694   68.562868   0.534679   0.978457   \n",
       "min    10.400000   4.000000   71.100000   52.000000   2.760000   1.513000   \n",
       "25%    15.425000   4.000000  120.825000   96.500000   3.080000   2.581250   \n",
       "50%    19.200000   6.000000  196.300000  123.000000   3.695000   3.325000   \n",
       "75%    22.800000   8.000000  326.000000  180.000000   3.920000   3.610000   \n",
       "max    33.900000   8.000000  472.000000  335.000000   4.930000   5.424000   \n",
       "\n",
       "            qsec         vs         am       gear     carb  \n",
       "count  32.000000  32.000000  32.000000  32.000000  32.0000  \n",
       "mean   17.848750   0.437500   0.406250   3.687500   2.8125  \n",
       "std     1.786943   0.504016   0.498991   0.737804   1.6152  \n",
       "min    14.500000   0.000000   0.000000   3.000000   1.0000  \n",
       "25%    16.892500   0.000000   0.000000   3.000000   2.0000  \n",
       "50%    17.710000   0.000000   0.000000   4.000000   2.0000  \n",
       "75%    18.900000   1.000000   1.000000   4.000000   4.0000  \n",
       "max    22.900000   1.000000   1.000000   5.000000   8.0000  "
      ]
     },
     "execution_count": 3,
     "metadata": {},
     "output_type": "execute_result"
    }
   ],
   "source": [
    "#A quick description\n",
    "data.describe()"
   ]
  },
  {
   "cell_type": "markdown",
   "id": "2a7ab8a9",
   "metadata": {},
   "source": [
    "We can also get information about the columns and datatypes of each column and the count of non-null values."
   ]
  },
  {
   "cell_type": "code",
   "execution_count": 7,
   "id": "bd9aa8ff",
   "metadata": {},
   "outputs": [
    {
     "name": "stdout",
     "output_type": "stream",
     "text": [
      "<class 'pandas.core.frame.DataFrame'>\n",
      "RangeIndex: 32 entries, 0 to 31\n",
      "Data columns (total 12 columns):\n",
      " #   Column  Non-Null Count  Dtype  \n",
      "---  ------  --------------  -----  \n",
      " 0   model   32 non-null     object \n",
      " 1   mpg     32 non-null     float64\n",
      " 2   cyl     32 non-null     int64  \n",
      " 3   disp    32 non-null     float64\n",
      " 4   hp      32 non-null     int64  \n",
      " 5   drat    32 non-null     float64\n",
      " 6   wt      32 non-null     float64\n",
      " 7   qsec    32 non-null     float64\n",
      " 8   vs      32 non-null     int64  \n",
      " 9   am      32 non-null     int64  \n",
      " 10  gear    32 non-null     int64  \n",
      " 11  carb    32 non-null     int64  \n",
      "dtypes: float64(5), int64(6), object(1)\n",
      "memory usage: 3.1+ KB\n"
     ]
    }
   ],
   "source": [
    "data.info()"
   ]
  },
  {
   "cell_type": "markdown",
   "id": "8bf27c81",
   "metadata": {},
   "source": [
    "We can also look for null values in the dataframe."
   ]
  },
  {
   "cell_type": "code",
   "execution_count": 10,
   "id": "e9e58456",
   "metadata": {},
   "outputs": [
    {
     "data": {
      "text/plain": [
       "model    0\n",
       "mpg      0\n",
       "cyl      0\n",
       "disp     0\n",
       "hp       0\n",
       "drat     0\n",
       "wt       0\n",
       "qsec     0\n",
       "vs       0\n",
       "am       0\n",
       "gear     0\n",
       "carb     0\n",
       "dtype: int64"
      ]
     },
     "execution_count": 10,
     "metadata": {},
     "output_type": "execute_result"
    }
   ],
   "source": [
    "data.isnull().sum()"
   ]
  },
  {
   "cell_type": "markdown",
   "id": "e73e5091",
   "metadata": {},
   "source": [
    "Now lets say we want to see which model has the maximum MPG. We can do that by finding the row in which the mpg column has the highest values."
   ]
  },
  {
   "cell_type": "code",
   "execution_count": 16,
   "id": "7fa1dd0d",
   "metadata": {},
   "outputs": [
    {
     "data": {
      "text/plain": [
       "model    Toyota Corolla\n",
       "mpg                33.9\n",
       "cyl                   4\n",
       "disp               71.1\n",
       "hp                   65\n",
       "drat               4.22\n",
       "wt                1.835\n",
       "qsec               19.9\n",
       "vs                    1\n",
       "am                    1\n",
       "gear                  4\n",
       "carb                  1\n",
       "Name: 19, dtype: object"
      ]
     },
     "execution_count": 16,
     "metadata": {},
     "output_type": "execute_result"
    }
   ],
   "source": [
    "data.loc[data['mpg'].idxmax()]"
   ]
  },
  {
   "cell_type": "markdown",
   "id": "7e35e786",
   "metadata": {},
   "source": [
    "As we can see, Toyota Corolla has the highes MPG in our dataset. If we are only interestested in the name of the model, we can mmodify the code above by adding the name of the desired column."
   ]
  },
  {
   "cell_type": "code",
   "execution_count": 19,
   "id": "1a03bd6c",
   "metadata": {},
   "outputs": [
    {
     "data": {
      "text/plain": [
       "'Toyota Corolla'"
      ]
     },
     "execution_count": 19,
     "metadata": {},
     "output_type": "execute_result"
    }
   ],
   "source": [
    "data.loc[data['mpg'].idxmax()]['model']"
   ]
  },
  {
   "cell_type": "markdown",
   "id": "080eceec",
   "metadata": {},
   "source": [
    "Similarly, if we want value from more than one columns to be displayed, we can do that by passing the names of the columns as a list."
   ]
  },
  {
   "cell_type": "code",
   "execution_count": 20,
   "id": "0911d77f",
   "metadata": {},
   "outputs": [
    {
     "data": {
      "text/plain": [
       "model    Toyota Corolla\n",
       "wt                1.835\n",
       "qsec               19.9\n",
       "Name: 19, dtype: object"
      ]
     },
     "execution_count": 20,
     "metadata": {},
     "output_type": "execute_result"
    }
   ],
   "source": [
    "data.loc[data['mpg'].idxmax()][['model','wt','qsec']]"
   ]
  },
  {
   "cell_type": "markdown",
   "id": "de987c6c",
   "metadata": {},
   "source": [
    "The opposite of idxmin, so to get a minimum value in a columns, you can use the above code but replace idxmax with idxmin."
   ]
  },
  {
   "cell_type": "markdown",
   "id": "a107fd60",
   "metadata": {},
   "source": [
    " "
   ]
  },
  {
   "cell_type": "markdown",
   "id": "22cc2df9",
   "metadata": {},
   "source": [
    "Another step in data exploration is correlation between variables. Pandas makes that very easy. We can have it draw a correlation matrix to give us a broad sense of correlation between different variables."
   ]
  },
  {
   "cell_type": "code",
   "execution_count": 21,
   "id": "925bed9f",
   "metadata": {},
   "outputs": [
    {
     "data": {
      "text/html": [
       "<div>\n",
       "<style scoped>\n",
       "    .dataframe tbody tr th:only-of-type {\n",
       "        vertical-align: middle;\n",
       "    }\n",
       "\n",
       "    .dataframe tbody tr th {\n",
       "        vertical-align: top;\n",
       "    }\n",
       "\n",
       "    .dataframe thead th {\n",
       "        text-align: right;\n",
       "    }\n",
       "</style>\n",
       "<table border=\"1\" class=\"dataframe\">\n",
       "  <thead>\n",
       "    <tr style=\"text-align: right;\">\n",
       "      <th></th>\n",
       "      <th>mpg</th>\n",
       "      <th>cyl</th>\n",
       "      <th>disp</th>\n",
       "      <th>hp</th>\n",
       "      <th>drat</th>\n",
       "      <th>wt</th>\n",
       "      <th>qsec</th>\n",
       "      <th>vs</th>\n",
       "      <th>am</th>\n",
       "      <th>gear</th>\n",
       "      <th>carb</th>\n",
       "    </tr>\n",
       "  </thead>\n",
       "  <tbody>\n",
       "    <tr>\n",
       "      <th>mpg</th>\n",
       "      <td>1.000000</td>\n",
       "      <td>-0.852162</td>\n",
       "      <td>-0.847551</td>\n",
       "      <td>-0.776168</td>\n",
       "      <td>0.681172</td>\n",
       "      <td>-0.867659</td>\n",
       "      <td>0.418684</td>\n",
       "      <td>0.664039</td>\n",
       "      <td>0.599832</td>\n",
       "      <td>0.480285</td>\n",
       "      <td>-0.550925</td>\n",
       "    </tr>\n",
       "    <tr>\n",
       "      <th>cyl</th>\n",
       "      <td>-0.852162</td>\n",
       "      <td>1.000000</td>\n",
       "      <td>0.902033</td>\n",
       "      <td>0.832447</td>\n",
       "      <td>-0.699938</td>\n",
       "      <td>0.782496</td>\n",
       "      <td>-0.591242</td>\n",
       "      <td>-0.810812</td>\n",
       "      <td>-0.522607</td>\n",
       "      <td>-0.492687</td>\n",
       "      <td>0.526988</td>\n",
       "    </tr>\n",
       "    <tr>\n",
       "      <th>disp</th>\n",
       "      <td>-0.847551</td>\n",
       "      <td>0.902033</td>\n",
       "      <td>1.000000</td>\n",
       "      <td>0.790949</td>\n",
       "      <td>-0.710214</td>\n",
       "      <td>0.887980</td>\n",
       "      <td>-0.433698</td>\n",
       "      <td>-0.710416</td>\n",
       "      <td>-0.591227</td>\n",
       "      <td>-0.555569</td>\n",
       "      <td>0.394977</td>\n",
       "    </tr>\n",
       "    <tr>\n",
       "      <th>hp</th>\n",
       "      <td>-0.776168</td>\n",
       "      <td>0.832447</td>\n",
       "      <td>0.790949</td>\n",
       "      <td>1.000000</td>\n",
       "      <td>-0.448759</td>\n",
       "      <td>0.658748</td>\n",
       "      <td>-0.708223</td>\n",
       "      <td>-0.723097</td>\n",
       "      <td>-0.243204</td>\n",
       "      <td>-0.125704</td>\n",
       "      <td>0.749812</td>\n",
       "    </tr>\n",
       "    <tr>\n",
       "      <th>drat</th>\n",
       "      <td>0.681172</td>\n",
       "      <td>-0.699938</td>\n",
       "      <td>-0.710214</td>\n",
       "      <td>-0.448759</td>\n",
       "      <td>1.000000</td>\n",
       "      <td>-0.712441</td>\n",
       "      <td>0.091205</td>\n",
       "      <td>0.440278</td>\n",
       "      <td>0.712711</td>\n",
       "      <td>0.699610</td>\n",
       "      <td>-0.090790</td>\n",
       "    </tr>\n",
       "    <tr>\n",
       "      <th>wt</th>\n",
       "      <td>-0.867659</td>\n",
       "      <td>0.782496</td>\n",
       "      <td>0.887980</td>\n",
       "      <td>0.658748</td>\n",
       "      <td>-0.712441</td>\n",
       "      <td>1.000000</td>\n",
       "      <td>-0.174716</td>\n",
       "      <td>-0.554916</td>\n",
       "      <td>-0.692495</td>\n",
       "      <td>-0.583287</td>\n",
       "      <td>0.427606</td>\n",
       "    </tr>\n",
       "    <tr>\n",
       "      <th>qsec</th>\n",
       "      <td>0.418684</td>\n",
       "      <td>-0.591242</td>\n",
       "      <td>-0.433698</td>\n",
       "      <td>-0.708223</td>\n",
       "      <td>0.091205</td>\n",
       "      <td>-0.174716</td>\n",
       "      <td>1.000000</td>\n",
       "      <td>0.744535</td>\n",
       "      <td>-0.229861</td>\n",
       "      <td>-0.212682</td>\n",
       "      <td>-0.656249</td>\n",
       "    </tr>\n",
       "    <tr>\n",
       "      <th>vs</th>\n",
       "      <td>0.664039</td>\n",
       "      <td>-0.810812</td>\n",
       "      <td>-0.710416</td>\n",
       "      <td>-0.723097</td>\n",
       "      <td>0.440278</td>\n",
       "      <td>-0.554916</td>\n",
       "      <td>0.744535</td>\n",
       "      <td>1.000000</td>\n",
       "      <td>0.168345</td>\n",
       "      <td>0.206023</td>\n",
       "      <td>-0.569607</td>\n",
       "    </tr>\n",
       "    <tr>\n",
       "      <th>am</th>\n",
       "      <td>0.599832</td>\n",
       "      <td>-0.522607</td>\n",
       "      <td>-0.591227</td>\n",
       "      <td>-0.243204</td>\n",
       "      <td>0.712711</td>\n",
       "      <td>-0.692495</td>\n",
       "      <td>-0.229861</td>\n",
       "      <td>0.168345</td>\n",
       "      <td>1.000000</td>\n",
       "      <td>0.794059</td>\n",
       "      <td>0.057534</td>\n",
       "    </tr>\n",
       "    <tr>\n",
       "      <th>gear</th>\n",
       "      <td>0.480285</td>\n",
       "      <td>-0.492687</td>\n",
       "      <td>-0.555569</td>\n",
       "      <td>-0.125704</td>\n",
       "      <td>0.699610</td>\n",
       "      <td>-0.583287</td>\n",
       "      <td>-0.212682</td>\n",
       "      <td>0.206023</td>\n",
       "      <td>0.794059</td>\n",
       "      <td>1.000000</td>\n",
       "      <td>0.274073</td>\n",
       "    </tr>\n",
       "    <tr>\n",
       "      <th>carb</th>\n",
       "      <td>-0.550925</td>\n",
       "      <td>0.526988</td>\n",
       "      <td>0.394977</td>\n",
       "      <td>0.749812</td>\n",
       "      <td>-0.090790</td>\n",
       "      <td>0.427606</td>\n",
       "      <td>-0.656249</td>\n",
       "      <td>-0.569607</td>\n",
       "      <td>0.057534</td>\n",
       "      <td>0.274073</td>\n",
       "      <td>1.000000</td>\n",
       "    </tr>\n",
       "  </tbody>\n",
       "</table>\n",
       "</div>"
      ],
      "text/plain": [
       "           mpg       cyl      disp        hp      drat        wt      qsec  \\\n",
       "mpg   1.000000 -0.852162 -0.847551 -0.776168  0.681172 -0.867659  0.418684   \n",
       "cyl  -0.852162  1.000000  0.902033  0.832447 -0.699938  0.782496 -0.591242   \n",
       "disp -0.847551  0.902033  1.000000  0.790949 -0.710214  0.887980 -0.433698   \n",
       "hp   -0.776168  0.832447  0.790949  1.000000 -0.448759  0.658748 -0.708223   \n",
       "drat  0.681172 -0.699938 -0.710214 -0.448759  1.000000 -0.712441  0.091205   \n",
       "wt   -0.867659  0.782496  0.887980  0.658748 -0.712441  1.000000 -0.174716   \n",
       "qsec  0.418684 -0.591242 -0.433698 -0.708223  0.091205 -0.174716  1.000000   \n",
       "vs    0.664039 -0.810812 -0.710416 -0.723097  0.440278 -0.554916  0.744535   \n",
       "am    0.599832 -0.522607 -0.591227 -0.243204  0.712711 -0.692495 -0.229861   \n",
       "gear  0.480285 -0.492687 -0.555569 -0.125704  0.699610 -0.583287 -0.212682   \n",
       "carb -0.550925  0.526988  0.394977  0.749812 -0.090790  0.427606 -0.656249   \n",
       "\n",
       "            vs        am      gear      carb  \n",
       "mpg   0.664039  0.599832  0.480285 -0.550925  \n",
       "cyl  -0.810812 -0.522607 -0.492687  0.526988  \n",
       "disp -0.710416 -0.591227 -0.555569  0.394977  \n",
       "hp   -0.723097 -0.243204 -0.125704  0.749812  \n",
       "drat  0.440278  0.712711  0.699610 -0.090790  \n",
       "wt   -0.554916 -0.692495 -0.583287  0.427606  \n",
       "qsec  0.744535 -0.229861 -0.212682 -0.656249  \n",
       "vs    1.000000  0.168345  0.206023 -0.569607  \n",
       "am    0.168345  1.000000  0.794059  0.057534  \n",
       "gear  0.206023  0.794059  1.000000  0.274073  \n",
       "carb -0.569607  0.057534  0.274073  1.000000  "
      ]
     },
     "execution_count": 21,
     "metadata": {},
     "output_type": "execute_result"
    }
   ],
   "source": [
    "  data.corr()"
   ]
  },
  {
   "cell_type": "markdown",
   "id": "0b00bb2d",
   "metadata": {},
   "source": [
    "If you are interested in correlation between only two variables, for example, between mpg and wt, we can calculate that as following."
   ]
  },
  {
   "cell_type": "code",
   "execution_count": 22,
   "id": "22a1a985",
   "metadata": {},
   "outputs": [
    {
     "data": {
      "text/plain": [
       "-0.8676593765172279"
      ]
     },
     "execution_count": 22,
     "metadata": {},
     "output_type": "execute_result"
    }
   ],
   "source": [
    "data.mpg.corr(data.wt)"
   ]
  },
  {
   "cell_type": "code",
   "execution_count": 7,
   "id": "a16d4275",
   "metadata": {},
   "outputs": [
    {
     "data": {
      "text/plain": [
       "2.1356854838709682"
      ]
     },
     "execution_count": 7,
     "metadata": {},
     "output_type": "execute_result"
    }
   ],
   "source": [
    "#Now we can check covariance between the two.\n",
    "data.mpg.cov(data.gear)"
   ]
  },
  {
   "cell_type": "markdown",
   "id": "025d2ab1",
   "metadata": {},
   "source": [
    "Now what if we want to look at correlations of only one variable with all of the other variables. This is simple. First we draw the correlation matrix as mentioned above, cast it on variable to store it, and then can retrieve correlation of any of the columns with others."
   ]
  },
  {
   "cell_type": "code",
   "execution_count": 24,
   "id": "efff1ac6",
   "metadata": {},
   "outputs": [
    {
     "data": {
      "text/plain": [
       "mpg     1.000000\n",
       "cyl    -0.852162\n",
       "disp   -0.847551\n",
       "hp     -0.776168\n",
       "drat    0.681172\n",
       "wt     -0.867659\n",
       "qsec    0.418684\n",
       "vs      0.664039\n",
       "am      0.599832\n",
       "gear    0.480285\n",
       "carb   -0.550925\n",
       "Name: mpg, dtype: float64"
      ]
     },
     "execution_count": 24,
     "metadata": {},
     "output_type": "execute_result"
    }
   ],
   "source": [
    "matrix = data.corr()\n",
    "matrix['mpg']"
   ]
  },
  {
   "cell_type": "markdown",
   "id": "ee61b46e",
   "metadata": {},
   "source": [
    "We can also stort these correlation values so that we can see which variables have the most effect on mpg in descending order."
   ]
  },
  {
   "cell_type": "code",
   "execution_count": 28,
   "id": "df038316",
   "metadata": {},
   "outputs": [
    {
     "data": {
      "text/plain": [
       "mpg     1.000000\n",
       "drat    0.681172\n",
       "vs      0.664039\n",
       "am      0.599832\n",
       "gear    0.480285\n",
       "qsec    0.418684\n",
       "carb   -0.550925\n",
       "hp     -0.776168\n",
       "disp   -0.847551\n",
       "cyl    -0.852162\n",
       "wt     -0.867659\n",
       "Name: mpg, dtype: float64"
      ]
     },
     "execution_count": 28,
     "metadata": {},
     "output_type": "execute_result"
    }
   ],
   "source": [
    "matrix['mpg'].sort_values(ascending = False)"
   ]
  },
  {
   "cell_type": "markdown",
   "id": "e20c89d6",
   "metadata": {},
   "source": [
    "By default, the sort_values function with display values in an ascending order therefore we set it to False to get values in a descending order."
   ]
  },
  {
   "cell_type": "markdown",
   "id": "36fcba08",
   "metadata": {},
   "source": [
    "It would not be fair to talk about correlation without talking about covariance.\n",
    "\n",
    "Covariance determines how much a variable changes with a change in the other variable. It could be positive of negative. Positive covariance means that the variables will change in the same direction. If it is negative, the variables move in opposite directions.\n",
    "\n",
    "The syntax for covariance is similar to correlation, but repace corr with cov. So to get a covariance matrix, you can simply use:"
   ]
  },
  {
   "cell_type": "code",
   "execution_count": 31,
   "id": "e4b75455",
   "metadata": {},
   "outputs": [
    {
     "data": {
      "text/html": [
       "<div>\n",
       "<style scoped>\n",
       "    .dataframe tbody tr th:only-of-type {\n",
       "        vertical-align: middle;\n",
       "    }\n",
       "\n",
       "    .dataframe tbody tr th {\n",
       "        vertical-align: top;\n",
       "    }\n",
       "\n",
       "    .dataframe thead th {\n",
       "        text-align: right;\n",
       "    }\n",
       "</style>\n",
       "<table border=\"1\" class=\"dataframe\">\n",
       "  <thead>\n",
       "    <tr style=\"text-align: right;\">\n",
       "      <th></th>\n",
       "      <th>mpg</th>\n",
       "      <th>cyl</th>\n",
       "      <th>disp</th>\n",
       "      <th>hp</th>\n",
       "      <th>drat</th>\n",
       "      <th>wt</th>\n",
       "      <th>qsec</th>\n",
       "      <th>vs</th>\n",
       "      <th>am</th>\n",
       "      <th>gear</th>\n",
       "      <th>carb</th>\n",
       "    </tr>\n",
       "  </thead>\n",
       "  <tbody>\n",
       "    <tr>\n",
       "      <th>mpg</th>\n",
       "      <td>36.324103</td>\n",
       "      <td>-9.172379</td>\n",
       "      <td>-633.097208</td>\n",
       "      <td>-320.732056</td>\n",
       "      <td>2.195064</td>\n",
       "      <td>-5.116685</td>\n",
       "      <td>4.509149</td>\n",
       "      <td>2.017137</td>\n",
       "      <td>1.803931</td>\n",
       "      <td>2.135685</td>\n",
       "      <td>-5.363105</td>\n",
       "    </tr>\n",
       "    <tr>\n",
       "      <th>cyl</th>\n",
       "      <td>-9.172379</td>\n",
       "      <td>3.189516</td>\n",
       "      <td>199.660282</td>\n",
       "      <td>101.931452</td>\n",
       "      <td>-0.668367</td>\n",
       "      <td>1.367371</td>\n",
       "      <td>-1.886855</td>\n",
       "      <td>-0.729839</td>\n",
       "      <td>-0.465726</td>\n",
       "      <td>-0.649194</td>\n",
       "      <td>1.520161</td>\n",
       "    </tr>\n",
       "    <tr>\n",
       "      <th>disp</th>\n",
       "      <td>-633.097208</td>\n",
       "      <td>199.660282</td>\n",
       "      <td>15360.799829</td>\n",
       "      <td>6721.158669</td>\n",
       "      <td>-47.064019</td>\n",
       "      <td>107.684204</td>\n",
       "      <td>-96.051681</td>\n",
       "      <td>-44.377621</td>\n",
       "      <td>-36.564012</td>\n",
       "      <td>-50.802621</td>\n",
       "      <td>79.068750</td>\n",
       "    </tr>\n",
       "    <tr>\n",
       "      <th>hp</th>\n",
       "      <td>-320.732056</td>\n",
       "      <td>101.931452</td>\n",
       "      <td>6721.158669</td>\n",
       "      <td>4700.866935</td>\n",
       "      <td>-16.451109</td>\n",
       "      <td>44.192661</td>\n",
       "      <td>-86.770081</td>\n",
       "      <td>-24.987903</td>\n",
       "      <td>-8.320565</td>\n",
       "      <td>-6.358871</td>\n",
       "      <td>83.036290</td>\n",
       "    </tr>\n",
       "    <tr>\n",
       "      <th>drat</th>\n",
       "      <td>2.195064</td>\n",
       "      <td>-0.668367</td>\n",
       "      <td>-47.064019</td>\n",
       "      <td>-16.451109</td>\n",
       "      <td>0.285881</td>\n",
       "      <td>-0.372721</td>\n",
       "      <td>0.087141</td>\n",
       "      <td>0.118649</td>\n",
       "      <td>0.190151</td>\n",
       "      <td>0.275988</td>\n",
       "      <td>-0.078407</td>\n",
       "    </tr>\n",
       "    <tr>\n",
       "      <th>wt</th>\n",
       "      <td>-5.116685</td>\n",
       "      <td>1.367371</td>\n",
       "      <td>107.684204</td>\n",
       "      <td>44.192661</td>\n",
       "      <td>-0.372721</td>\n",
       "      <td>0.957379</td>\n",
       "      <td>-0.305482</td>\n",
       "      <td>-0.273661</td>\n",
       "      <td>-0.338105</td>\n",
       "      <td>-0.421081</td>\n",
       "      <td>0.675790</td>\n",
       "    </tr>\n",
       "    <tr>\n",
       "      <th>qsec</th>\n",
       "      <td>4.509149</td>\n",
       "      <td>-1.886855</td>\n",
       "      <td>-96.051681</td>\n",
       "      <td>-86.770081</td>\n",
       "      <td>0.087141</td>\n",
       "      <td>-0.305482</td>\n",
       "      <td>3.193166</td>\n",
       "      <td>0.670565</td>\n",
       "      <td>-0.204960</td>\n",
       "      <td>-0.280403</td>\n",
       "      <td>-1.894113</td>\n",
       "    </tr>\n",
       "    <tr>\n",
       "      <th>vs</th>\n",
       "      <td>2.017137</td>\n",
       "      <td>-0.729839</td>\n",
       "      <td>-44.377621</td>\n",
       "      <td>-24.987903</td>\n",
       "      <td>0.118649</td>\n",
       "      <td>-0.273661</td>\n",
       "      <td>0.670565</td>\n",
       "      <td>0.254032</td>\n",
       "      <td>0.042339</td>\n",
       "      <td>0.076613</td>\n",
       "      <td>-0.463710</td>\n",
       "    </tr>\n",
       "    <tr>\n",
       "      <th>am</th>\n",
       "      <td>1.803931</td>\n",
       "      <td>-0.465726</td>\n",
       "      <td>-36.564012</td>\n",
       "      <td>-8.320565</td>\n",
       "      <td>0.190151</td>\n",
       "      <td>-0.338105</td>\n",
       "      <td>-0.204960</td>\n",
       "      <td>0.042339</td>\n",
       "      <td>0.248992</td>\n",
       "      <td>0.292339</td>\n",
       "      <td>0.046371</td>\n",
       "    </tr>\n",
       "    <tr>\n",
       "      <th>gear</th>\n",
       "      <td>2.135685</td>\n",
       "      <td>-0.649194</td>\n",
       "      <td>-50.802621</td>\n",
       "      <td>-6.358871</td>\n",
       "      <td>0.275988</td>\n",
       "      <td>-0.421081</td>\n",
       "      <td>-0.280403</td>\n",
       "      <td>0.076613</td>\n",
       "      <td>0.292339</td>\n",
       "      <td>0.544355</td>\n",
       "      <td>0.326613</td>\n",
       "    </tr>\n",
       "    <tr>\n",
       "      <th>carb</th>\n",
       "      <td>-5.363105</td>\n",
       "      <td>1.520161</td>\n",
       "      <td>79.068750</td>\n",
       "      <td>83.036290</td>\n",
       "      <td>-0.078407</td>\n",
       "      <td>0.675790</td>\n",
       "      <td>-1.894113</td>\n",
       "      <td>-0.463710</td>\n",
       "      <td>0.046371</td>\n",
       "      <td>0.326613</td>\n",
       "      <td>2.608871</td>\n",
       "    </tr>\n",
       "  </tbody>\n",
       "</table>\n",
       "</div>"
      ],
      "text/plain": [
       "             mpg         cyl          disp           hp       drat  \\\n",
       "mpg    36.324103   -9.172379   -633.097208  -320.732056   2.195064   \n",
       "cyl    -9.172379    3.189516    199.660282   101.931452  -0.668367   \n",
       "disp -633.097208  199.660282  15360.799829  6721.158669 -47.064019   \n",
       "hp   -320.732056  101.931452   6721.158669  4700.866935 -16.451109   \n",
       "drat    2.195064   -0.668367    -47.064019   -16.451109   0.285881   \n",
       "wt     -5.116685    1.367371    107.684204    44.192661  -0.372721   \n",
       "qsec    4.509149   -1.886855    -96.051681   -86.770081   0.087141   \n",
       "vs      2.017137   -0.729839    -44.377621   -24.987903   0.118649   \n",
       "am      1.803931   -0.465726    -36.564012    -8.320565   0.190151   \n",
       "gear    2.135685   -0.649194    -50.802621    -6.358871   0.275988   \n",
       "carb   -5.363105    1.520161     79.068750    83.036290  -0.078407   \n",
       "\n",
       "              wt       qsec         vs         am       gear       carb  \n",
       "mpg    -5.116685   4.509149   2.017137   1.803931   2.135685  -5.363105  \n",
       "cyl     1.367371  -1.886855  -0.729839  -0.465726  -0.649194   1.520161  \n",
       "disp  107.684204 -96.051681 -44.377621 -36.564012 -50.802621  79.068750  \n",
       "hp     44.192661 -86.770081 -24.987903  -8.320565  -6.358871  83.036290  \n",
       "drat   -0.372721   0.087141   0.118649   0.190151   0.275988  -0.078407  \n",
       "wt      0.957379  -0.305482  -0.273661  -0.338105  -0.421081   0.675790  \n",
       "qsec   -0.305482   3.193166   0.670565  -0.204960  -0.280403  -1.894113  \n",
       "vs     -0.273661   0.670565   0.254032   0.042339   0.076613  -0.463710  \n",
       "am     -0.338105  -0.204960   0.042339   0.248992   0.292339   0.046371  \n",
       "gear   -0.421081  -0.280403   0.076613   0.292339   0.544355   0.326613  \n",
       "carb    0.675790  -1.894113  -0.463710   0.046371   0.326613   2.608871  "
      ]
     },
     "execution_count": 31,
     "metadata": {},
     "output_type": "execute_result"
    }
   ],
   "source": [
    "data.cov()"
   ]
  },
  {
   "cell_type": "markdown",
   "id": "1df42dff",
   "metadata": {},
   "source": [
    "All the other tasks that we did with correlation can be done for covariance as well."
   ]
  },
  {
   "cell_type": "code",
   "execution_count": null,
   "id": "9394b8db",
   "metadata": {},
   "outputs": [],
   "source": []
  },
  {
   "cell_type": "markdown",
   "id": "cefe2c25",
   "metadata": {},
   "source": [
    " "
   ]
  },
  {
   "cell_type": "code",
   "execution_count": null,
   "id": "ce062f76",
   "metadata": {},
   "outputs": [],
   "source": []
  },
  {
   "cell_type": "code",
   "execution_count": null,
   "id": "a9a637dc",
   "metadata": {},
   "outputs": [],
   "source": []
  },
  {
   "cell_type": "code",
   "execution_count": null,
   "id": "b77a1080",
   "metadata": {},
   "outputs": [],
   "source": []
  },
  {
   "cell_type": "code",
   "execution_count": null,
   "id": "bebd4486",
   "metadata": {},
   "outputs": [],
   "source": []
  },
  {
   "cell_type": "markdown",
   "id": "e71bbe67",
   "metadata": {},
   "source": [
    " "
   ]
  },
  {
   "cell_type": "code",
   "execution_count": null,
   "id": "992fc73c",
   "metadata": {},
   "outputs": [],
   "source": []
  },
  {
   "cell_type": "code",
   "execution_count": null,
   "id": "5caf831a",
   "metadata": {},
   "outputs": [],
   "source": []
  },
  {
   "cell_type": "code",
   "execution_count": null,
   "id": "c262d606",
   "metadata": {},
   "outputs": [],
   "source": []
  },
  {
   "cell_type": "code",
   "execution_count": null,
   "id": "b68eccb2",
   "metadata": {},
   "outputs": [],
   "source": []
  },
  {
   "cell_type": "code",
   "execution_count": null,
   "id": "daa0277e",
   "metadata": {},
   "outputs": [],
   "source": []
  },
  {
